epoch,loss_train,val_loss,task_loss,cont_loss,adv_loss,auroc,val_auroc,auprc,precision,recall,f1,tn,fp,fn,tp
1,12.746360778808594,12.670584678649902,0.4704101085662842,7.592511177062988,0.17677544057369232,0.8752291845598134,0.9113815072031222,0.8683610393453574,0.7879341864716636,0.8033550792171482,0.7955699123211813,1678,464,422,1724
2,12.673401832580566,12.345285415649414,0.5196324586868286,7.591142177581787,0.05120927840471268,0.9226485250826022,0.9177210421905659,0.9176929757313318,0.8434782608695652,0.8604108309990663,0.8518604113704645,1804,342,299,1843
3,12.461392402648926,12.41884994506836,0.37105876207351685,7.5898284912109375,0.03491898626089096,0.9367505001379242,0.933817594834544,0.9332997645267574,0.8550658791458428,0.8786181139122315,0.8666820170389132,1827,319,260,1882
4,12.306519508361816,12.279327392578125,0.26173102855682373,7.589018821716309,0.02375992201268673,0.9441414395217474,0.9368738229755178,0.9425504178389374,0.8676133760879523,0.8838077461502567,0.8756356911696718,1856,289,249,1894
5,12.224992752075195,12.563887596130371,0.20347079634666443,7.589199542999268,0.017850501462817192,0.9487408021691913,0.9379519628099174,0.9446937058734972,0.8620063549704948,0.8857276119402985,0.8737060041407867,1840,304,245,1899
6,12.403715133666992,12.45570182800293,0.34320688247680664,7.589773654937744,0.014850912615656853,0.9541109169636891,0.9437872157256619,0.9507680170339396,0.8710118505013673,0.8913246268656716,0.8810511756569848,1861,283,233,1911
7,12.725887298583984,12.44606876373291,0.5945353507995605,7.589641571044922,0.01184118539094925,0.9554762238849966,0.9437991448085864,0.9529792012994431,0.8731818181818182,0.8955710955710956,0.8842347525891829,1864,279,224,1921
8,12.296622276306152,12.584169387817383,0.26445817947387695,7.58952522277832,0.010484199039638042,0.9593239549375807,0.9403640929064658,0.958188727173025,0.8818681318681318,0.8979020979020979,0.8898128898128899,1885,258,219,1926
9,12.14967155456543,12.514554023742676,0.1512058675289154,7.589474678039551,0.010346071794629097,0.9611998600746269,0.9415136504019255,0.9591881367212111,0.8857539315448658,0.8931902985074627,0.8894565722248026,1897,247,229,1915
10,12.206472396850586,12.383745193481445,0.19573092460632324,7.589511394500732,0.00946799200028181,0.9629271726720874,0.9439261052820376,0.9625748780802028,0.8857010643220731,0.8927238805970149,0.889198606271777,1897,247,230,1914
11,12.41179084777832,12.505303382873535,0.3561527132987976,7.589533805847168,0.007089338265359402,0.9635469285570705,0.9436391355035423,0.9620684107553407,0.8804889090086012,0.9063373718546133,0.8932261768082663,1878,264,201,1945
12,12.427424430847168,12.171741485595703,0.3702446222305298,7.589505195617676,0.004683217965066433,0.9638737138700155,0.9404395911880873,0.9630076157352977,0.8837209302325582,0.9039179104477612,0.8937053262623934,1889,255,206,1938
13,12.110036849975586,12.362895011901855,0.12297528982162476,7.589502811431885,0.007448237389326096,0.9661320480732519,0.9446660449099649,0.9648115711276731,0.887118798361402,0.9094727018198787,0.8981566820276498,1897,248,194,1949
14,12.335970878601074,12.534157752990723,0.29770106077194214,7.589710235595703,0.006742535158991814,0.9686153119216,0.942036731472846,0.9676428419029763,0.8890404729422465,0.9109972041006523,0.8998849252013809,1898,244,191,1955
15,12.508466720581055,12.353099822998047,0.43206101655960083,7.589597225189209,0.005442549474537373,0.9699586575854323,0.9436839990817264,0.9682213005878545,0.8858818222823636,0.9151910531220876,0.9002979601191841,1889,253,182,1964
16,12.173826217651367,12.162615776062012,0.1721392571926117,7.589569568634033,0.00743902800604701,0.9709957176126098,0.9471482889733841,0.9682992178985441,0.8959854014598541,0.9164722351843211,0.9061130334486736,1917,228,179,1964
17,12.034646034240723,12.408611297607422,0.0671147033572197,7.589542388916016,0.0045713502913713455,0.9713024383409778,0.9443515755036446,0.9705970380352421,0.8928571428571429,0.9203168685927307,0.9063790729692519,1905,237,171,1975
18,12.22464370727539,12.017179489135742,0.21350379288196564,7.5896124839782715,0.004789755679666996,0.973049984206171,0.9473810711044308,0.971984146811762,0.8993135011441648,0.9156570363466915,0.9074116832140383,1922,220,181,1965
19,12.140445709228516,12.48890209197998,0.14940683543682098,7.589542388916016,0.003812454640865326,0.9757765075044554,0.9505308845684769,0.9747900665014009,0.9045248868778281,0.9323694029850746,0.9182361047312816,1933,211,145,1999
20,12.412355422973633,12.614749908447266,0.35939323902130127,7.589550971984863,0.003673026105388999,0.9761456617440389,0.9503838151947772,0.9737496138484992,0.9018901890189019,0.9355742296918768,0.918423464711274,1928,218,138,2004
21,12.116332054138184,12.421527862548828,0.1289275884628296,7.589529991149902,0.006087771151214838,0.9771241979361438,0.9490099720209485,0.9758423054374598,0.908760780753518,0.9342043863742417,0.9213069489185458,1944,201,141,2002
22,12.382019996643066,12.522880554199219,0.3356468677520752,7.589544773101807,0.004082588013261557,0.9789021990608551,0.9486476791735419,0.9780178940089383,0.9089680036052276,0.9412039197386841,0.9248051352590555,1943,202,126,2017
23,12.24911880493164,12.54117488861084,0.23421424627304077,7.589529514312744,0.002713421592488885,0.9808039878731345,0.9502188105316021,0.9796761179082942,0.9159433531292828,0.9351679104477612,0.9254558042926379,1960,184,139,2005
24,12.181554794311523,12.180693626403809,0.18202979862689972,7.589532852172852,0.0027488521300256252,0.9819031334196989,0.9503700010402356,0.9803074333853583,0.925858123569794,0.9431235431235431,0.9344110854503465,1981,162,122,2023
25,12.069713592529297,12.113199234008789,0.09649394452571869,7.589521884918213,0.0018073935061693192,0.9831291159640231,0.9539063060477796,0.9822406560762813,0.9212920837124658,0.9444962686567164,0.9327498848456932,1971,173,119,2025
26,12.083836555480957,12.279080390930176,0.10586360841989517,7.589529514312744,0.003647793084383011,0.9842942905574739,0.956435650667365,0.9826776854647326,0.9296803652968036,0.9496268656716418,0.9395477618827872,1990,154,108,2036
27,12.150093078613281,12.368795394897461,0.15800023078918457,7.589526653289795,0.002449912019073963,0.9847624488332591,0.9550010043617999,0.9843396119048773,0.9252636405318662,0.941231343283582,0.9331791907514451,1981,163,126,2018
28,12.04432201385498,12.188183784484863,0.07546401023864746,7.589527606964111,0.0035279965959489346,0.9859080443166628,0.9575225175136216,0.9845726893065768,0.9286687869150386,0.9533582089552238,0.9408515535097813,1987,157,100,2044
29,12.19835090637207,12.518938064575195,0.19396241009235382,7.589531898498535,0.00399717828258872,0.988226861022008,0.9568158747125901,0.9874862929578943,0.9344858962693358,0.9575757575757575,0.9458899378309924,1999,144,91,2054
30,12.041876792907715,12.210345268249512,0.07417677342891693,7.589528560638428,0.002801381517201662,0.9863320289283778,0.9592438481957098,0.9850011229880266,0.9334245326037391,0.9538676607642125,0.9435353768149343,1996,146,99,2047
31,12.11880874633789,12.498393058776855,0.13342852890491486,7.589531898498535,0.0029529614839702845,0.9880593508218333,0.9566652199022179,0.9873190291640727,0.9339708561020036,0.9561771561771562,0.9449435613913845,1998,145,94,2051
32,12.140775680541992,12.409934043884277,0.15038296580314636,7.58952522277832,0.002965255407616496,0.9895438827776672,0.9581251367551106,0.9890508697366585,0.9383842994066636,0.9585081585081585,0.948339483394834,2008,135,89,2056
33,12.070195198059082,12.501418113708496,0.0958440974354744,7.589528560638428,0.00303218443877995,0.9895112326661992,0.951927767893015,0.9887932978053232,0.9389521640091116,0.959944108057755,0.9493321050207277,2007,134,86,2061
34,12.092568397521973,12.244134902954102,0.11455075442790985,7.589527606964111,0.001296521513722837,0.9912550688316887,0.9616321406151914,0.9905797929625348,0.9470561387494295,0.9660148975791434,0.9564415764000922,2024,116,73,2075
35,12.039015769958496,12.059711456298828,0.07092297077178955,7.589526653289795,0.004067648202180862,0.9911754756365116,0.9578058920378932,0.9906133985242336,0.9469350411710887,0.9659356042930471,0.9563409563409564,2029,116,73,2070
36,12.240838050842285,12.572802543640137,0.22747361660003662,7.589524269104004,0.0031428367365151644,0.9907593046538279,0.9573359925103038,0.9899601733557754,0.9429744525547445,0.9649859943977591,0.9538532533456391,2021,125,75,2067
37,12.318934440612793,12.436760902404785,0.287695050239563,7.589524269104004,0.003215234959498048,0.9914352270828691,0.9605782337326926,0.9908949728125038,0.9454378725355341,0.9617537313432836,0.9535260115606936,2025,119,82,2062
38,11.980567932128906,12.224761962890625,0.025546547025442123,7.58952522277832,0.0043862792663276196,0.9922125109751886,0.9546775234952293,0.9917049986061129,0.9473924977127173,0.9650512581547064,0.956140350877193,2027,115,75,2071
39,12.061944961547852,12.280783653259277,0.0885365754365921,7.589521884918213,0.004177411086857319,0.9921574786979283,0.9598141904010331,0.9919729119707378,0.9472234970169803,0.9626865671641791,0.9548924358084664,2029,115,80,2064
40,12.280234336853027,12.212389945983887,0.2572537362575531,7.58951997756958,0.003909741062670946,0.9928336043954705,0.9560577526679221,0.9925087037123542,0.9467889908256881,0.961789375582479,0.9542302357836339,2026,116,82,2064
41,11.997766494750977,12.226259231567383,0.03866596519947052,7.58952522277832,0.004573312122374773,0.992047398860278,0.961414018222254,0.9914486318493144,0.9471044231646146,0.9692020531964536,0.9580258302583026,2029,116,66,2077
42,12.055705070495605,12.42371940612793,0.08550094813108444,7.589510440826416,0.0020417761988937855,0.992745938149578,0.9625008967644737,0.9923967469052651,0.9537892791127541,0.9631357909472702,0.9584397492454144,2045,100,79,2064
43,11.97484302520752,12.942342758178711,0.023493047803640366,7.589512348175049,0.0015455192187801003,0.9929284590040541,0.9649261253376282,0.9924750736801233,0.9484253765403925,0.9696686887540831,0.9589293954776188,2032,113,65,2078
44,12.062105178833008,12.326420783996582,0.09014136344194412,7.589506149291992,0.002410228131338954,0.9932458582015279,0.964004261378922,0.9931103675906205,0.955719557195572,0.965967365967366,0.9608161372594481,2047,96,73,2072
45,11.993521690368652,12.313117980957031,0.036835648119449615,7.589494228363037,0.002872078213840723,0.9945782181095456,0.9631327479338843,0.994206204768605,0.9635440701430549,0.9738805970149254,0.9686847599164927,2065,79,56,2088
46,11.99123477935791,12.011046409606934,0.03534094989299774,7.589488983154297,0.002552090445533395,0.9939739797751967,0.9622533897697109,0.9934383710456864,0.9559633027522936,0.972922502334267,0.9643683479870431,2050,96,58,2084
47,12.085334777832031,12.188149452209473,0.10699089616537094,7.589489936828613,0.0037407816853374243,0.9945328550805225,0.9601625637144302,0.9942482248720429,0.9599631845375057,0.9738562091503268,0.9668597914252607,2059,87,56,2086
48,12.082612037658691,13.311357498168945,0.10495226830244064,7.589481353759766,0.003677721368148923,0.9948602649489258,0.9635774060828673,0.9947069186621531,0.9598337950138505,0.9692307692307692,0.964509394572025,2056,87,66,2079
49,12.038400650024414,12.712090492248535,0.07283667474985123,7.589492321014404,0.0012316765496507287,0.9949829574576026,0.9631739985078053,0.9946364511637896,0.9623680587425425,0.9771668219944082,0.9697109826589595,2060,82,49,2097
50,11.979870796203613,12.33847713470459,0.02761128917336464,7.589494228363037,0.001285760896280408,0.9949581605204564,0.9615962693928796,0.9947969713726228,0.9563820018365473,0.9710955710955711,0.9636826278047652,2048,95,62,2083
