epoch,loss_train,val_loss,task_loss,cont_loss,adv_loss,auroc,val_auroc,auprc,precision,recall,f1,tn,fp,fn,tp
1,12.45770263671875,12.430394172668457,0.26074883341789246,7.590895652770996,0.16325359046459198,0.8694570403495353,0.9336045110192837,0.8596085151996481,0.7750336775931747,0.804287045666356,0.7893894351703636,1641,501,420,1726
2,12.603813171386719,12.555370330810547,0.46728724241256714,7.589977264404297,0.05126643553376198,0.9233512482229234,0.9392352392567616,0.9162219923972078,0.8367162832656744,0.8648018648018648,0.8505272810637322,1781,362,290,1855
3,12.261213302612305,12.332688331604004,0.2222168743610382,7.589260578155518,0.028895603492856026,0.940372895109246,0.9379499596448749,0.9368087376836655,0.849005424954792,0.8763415772281848,0.8624569460390356,1811,334,265,1878
4,12.334295272827148,12.381795883178711,0.2835843861103058,7.589328765869141,0.02280377596616745,0.9421020194346768,0.9474711241839443,0.9383700989918883,0.8509593931280678,0.8886300093196645,0.8693868247093686,1808,334,239,1907
5,12.405216217041016,12.099593162536621,0.3421994149684906,7.589260578155518,0.01822272501885891,0.9486037036746977,0.9497180451127819,0.9458047288897662,0.8603705377315861,0.8888888888888888,0.8743972445464983,1837,309,238,1904
6,12.44925594329834,12.1349458694458,0.3765406608581543,7.5893144607543945,0.017722420394420624,0.9533022082886368,0.9487558423576761,0.9506496070602103,0.8590869183494293,0.911504424778761,0.8845197740112994,1820,321,190,1957
7,12.35810375213623,12.37468147277832,0.3141549229621887,7.589022159576416,0.008514519780874252,0.9539387982592851,0.951672089044167,0.9517020679340169,0.8559397163120568,0.8998136067101584,0.8773284870513403,1817,325,215,1931
8,12.245920181274414,12.317171096801758,0.22655770182609558,7.588963031768799,0.00981569942086935,0.9571714488653359,0.9551366669058039,0.9545246466052446,0.8683623382418563,0.9080727951469902,0.8877737226277372,1850,295,197,1946
9,12.20837688446045,12.362642288208008,0.198387011885643,7.589288711547852,0.008360938169062138,0.9577071551873233,0.9513028007346189,0.955828029482854,0.8592528236316247,0.9221445221445221,0.8895884866201934,1819,324,167,1978
10,12.245782852172852,12.238466262817383,0.22538813948631287,7.589421272277832,0.010428435169160366,0.9609661396032437,0.9563203960111916,0.9589236138596083,0.8672489082969432,0.9250116441546343,0.8951994590939825,1837,304,161,1986
11,12.33033275604248,12.208681106567383,0.29002872109413147,7.589385509490967,0.011232861317694187,0.9618522712316459,0.9549923773652587,0.9580631647097063,0.8652420409943306,0.924941724941725,0.8940964398377648,1834,309,161,1984
12,12.29419231414795,12.497294425964355,0.2637128233909607,7.589455604553223,0.009219949133694172,0.9649433554098867,0.9558043352715194,0.9629111009576314,0.8740642888595332,0.9267040149393091,0.8996147745297983,1860,286,157,1985
13,12.074377059936523,12.438232421875,0.0946318581700325,7.589516639709473,0.0084176454693079,0.9654019044420084,0.9566616328829232,0.9629796524885121,0.8715596330275229,0.9318075665576834,0.9006772009029346,1853,294,146,1995
14,12.14206600189209,12.386781692504883,0.15062230825424194,7.589336395263672,0.004157294053584337,0.9668577805768659,0.9543466953636445,0.9646396548650481,0.8753825972890249,0.9333333333333333,0.9034296028880866,1858,285,143,2002
15,12.259718894958496,12.190179824829102,0.24107074737548828,7.589430809020996,0.004460868891328573,0.965878614738806,0.953543179983858,0.9630271157853252,0.8733681462140992,0.9361007462686567,0.9036470058532192,1853,291,137,2007
16,12.123867988586426,12.357802391052246,0.13566988706588745,7.589389801025391,0.00517422566190362,0.9702788850861874,0.955707009111127,0.968686117880845,0.8817582417582418,0.934762348555452,0.9074869938927844,1873,269,140,2006
17,12.155616760253906,12.468231201171875,0.157312273979187,7.589465141296387,0.008525952696800232,0.9711155664502521,0.952247029788211,0.9688992316981482,0.8852097130242825,0.9360410830999066,0.9099160426594055,1886,260,137,2005
18,12.190571784973145,12.32651138305664,0.1875518262386322,7.589493274688721,0.004545621108263731,0.9728719406274237,0.95575786271809,0.9695685477031172,0.8944320712694878,0.9361305361305361,0.9148063781321184,1906,237,137,2008
19,12.149908065795898,12.323701858520508,0.15530332922935486,7.589428901672363,0.005679999012500048,0.9749545709371037,0.9576045627376426,0.9735020821183124,0.8975391498881432,0.9343269678621332,0.9155636695572797,1912,229,141,2006
20,12.187867164611816,12.093828201293945,0.18531139194965363,7.589442729949951,0.0048042237758636475,0.9770230391788954,0.9570262756703435,0.9755668734637417,0.9032976827094474,0.9449883449883449,0.9236728184096605,1926,217,118,2027
21,12.052058219909668,12.09848690032959,0.08086349070072174,7.589467525482178,0.004307967610657215,0.97729323095632,0.9564989687023585,0.9751357504168523,0.9063906390639064,0.9398040130657956,0.922794959908362,1937,208,129,2014
22,12.098343849182129,12.053849220275879,0.11653231829404831,7.589461803436279,0.004386264365166426,0.981640011877996,0.9586878542219671,0.9809834849171675,0.9071428571428571,0.9473193473193473,0.9267958950969213,1935,208,113,2032
23,12.186652183532715,12.353548049926758,0.18406224250793457,7.589492321014404,0.005107374396175146,0.9821481986670973,0.9628221316650404,0.9808736420619398,0.9170423805229937,0.9491367242183855,0.9328135748681495,1961,184,109,2034
24,12.207016944885254,12.302270889282227,0.19800445437431335,7.58951473236084,0.007223117630928755,0.9844713693523773,0.9619289158009527,0.983130438892763,0.918724741805119,0.9538461538461539,0.9359560841720037,1962,181,99,2046
25,12.160685539245605,12.213785171508789,0.16397684812545776,7.589482307434082,0.005173497833311558,0.9846467111982744,0.9626770642399285,0.9834463798958003,0.926463912846119,0.9515151515151515,0.9388224471021159,1981,162,104,2041
26,12.298273086547852,12.415529251098633,0.27025532722473145,7.589453220367432,0.005122686270624399,0.9863431326800437,0.9595778795694142,0.9851513990587675,0.9298642533936652,0.9589360709286048,0.9441764300482426,1990,155,88,2055
27,12.19483470916748,12.188021659851074,0.19116812944412231,7.589494228363037,0.004150584805756807,0.9865321828358209,0.9626664370982552,0.9853295152275381,0.9288627095604893,0.9561567164179104,0.9423121121581246,1987,157,94,2050
28,12.118489265441895,12.41970443725586,0.1339021921157837,7.58951473236084,0.0021091632079333067,0.9871503360537424,0.9642973724329656,0.9861063831751643,0.9320959710276143,0.9599067599067599,0.9457969683050069,1993,150,86,2059
29,12.045156478881836,11.993725776672363,0.07717425376176834,7.589509010314941,0.002266254276037216,0.9882699146588432,0.9584911616161615,0.9869616264042855,0.9320432043204321,0.9646017699115044,0.9480430304417486,1990,151,76,2071
30,12.189257621765137,13.035730361938477,0.18503853678703308,7.589502811431885,0.00634254002943635,0.9885260951523199,0.9627488046258201,0.9874655838986375,0.942035600182565,0.9622377622377623,0.9520295202952029,2016,127,81,2064
31,12.151485443115234,12.388726234436035,0.15838898718357086,7.589515686035156,0.003294247668236494,0.9907671443389396,0.9658910335278694,0.9903280002947253,0.9421412300683372,0.9645522388059702,0.9532150265038027,2017,127,76,2068
32,12.208044052124023,12.429957389831543,0.20059189200401306,7.589506149291992,0.005065699573606253,0.9907205814913727,0.9648436238938529,0.9899494277618626,0.9427272727272727,0.9664492078285182,0.9544408651633686,2016,126,72,2074
33,12.02652359008789,12.405162811279297,0.060348231345415115,7.589488983154297,0.005249610170722008,0.9909846900061261,0.9586740989439854,0.9903369845122092,0.9466240875912408,0.9678171641791045,0.9571033210332104,2027,117,69,2075
34,12.355627059936523,12.412703514099121,0.31556594371795654,7.589483737945557,0.003819812089204788,0.9905017365586661,0.9565576093233805,0.9898411706091185,0.9406392694063926,0.9603729603729604,0.9504036908881199,2013,130,85,2060
35,12.143827438354492,12.17609691619873,0.1529206931591034,7.589521884918213,0.0027503923047333956,0.9920993922860464,0.9649261253376281,0.9918501174554728,0.9451553930530164,0.9641025641025641,0.9545349642280175,2023,120,77,2068
36,12.242201805114746,12.23221206665039,0.22930338978767395,7.58951473236084,0.0022177002392709255,0.9918788009315306,0.9613535927456381,0.9913317717892337,0.947536496350365,0.9682983682983684,0.957804934286373,2028,115,68,2077
37,12.094818115234375,12.2342529296875,0.11528556048870087,7.589506149291992,0.002538531320169568,0.9912248585137059,0.9644085732221326,0.9903658118919386,0.9495644199908299,0.9655011655011655,0.9574664817383264,2033,110,74,2071
38,12.139177322387695,12.698569297790527,0.14958041906356812,7.589500427246094,0.00248065497726202,0.9927520310063487,0.958519708877514,0.9922684985557265,0.9502055733211512,0.9701492537313433,0.9600738518347565,2035,109,64,2080
39,12.0264892578125,12.5447998046875,0.06339926272630692,7.589500904083252,0.0015122874174267054,0.9937305500534619,0.9629749196510559,0.9932151011072163,0.9580645161290322,0.9701353243117126,0.9640621377231625,2054,91,64,2079
40,12.235554695129395,12.17632007598877,0.22442013025283813,7.589512348175049,0.0019222067203372717,0.9944286542513326,0.9653960248652177,0.9939455554480797,0.960091743119266,0.9757575757575757,0.9678612716763005,2056,87,52,2093
41,12.07957649230957,12.572648048400879,0.10428627580404282,7.589505195617676,0.0016140473308041692,0.9934464367760081,0.9614570629169955,0.9929683279956163,0.9577594123048668,0.9729477611940298,0.965293845441925,2052,92,58,2086
42,12.087915420532227,12.038122177124023,0.11028033494949341,7.589507102966309,0.002147470600903034,0.9929969874276009,0.9575822796161779,0.9925058458869669,0.9540652273771245,0.96875,0.9613515389956029,2044,100,67,2077
43,11.982275009155273,12.366265296936035,0.028634626418352127,7.589521884918213,0.0022510935086756945,0.9939986751465986,0.9609962406015038,0.9932551423537914,0.9604597701149425,0.9748016798880075,0.9675775822139879,2059,86,54,2089
44,12.16454029083252,12.51305103302002,0.1688081920146942,7.5895233154296875,0.002869591349735856,0.9944976162428333,0.9631214577803286,0.9939422185847756,0.9578561612459917,0.9748251748251748,0.9662661737523105,2051,92,54,2091
45,12.042397499084473,13.120123863220215,0.07503711432218552,7.5895233154296875,0.002254706108942628,0.9948067317565568,0.9579118600780533,0.9946859181453157,0.9529250457038391,0.9706703910614525,0.9617158671586716,2037,103,63,2085
46,12.058454513549805,12.767988204956055,0.0864185020327568,7.589529514312744,0.003469532122835517,0.9932210535658811,0.9611920382519736,0.9928799111994956,0.9523373052245646,0.9701213818860878,0.9611470860314524,2042,104,64,2078
47,12.03535270690918,12.111644744873047,0.067888043820858,7.5895233154296875,0.0043235644698143005,0.9952446682264694,0.9611758966651481,0.9949066579726944,0.9577205882352942,0.9715617715617716,0.9645915297384865,2051,92,61,2084
48,12.423243522644043,12.445150375366211,0.3691384196281433,7.589522361755371,0.002094520488753915,0.9950186349780671,0.9599426060443009,0.9946492747208652,0.9590992647058824,0.9743230625583567,0.9666512274201019,2057,89,55,2087
49,12.284570693969727,12.134014129638672,0.26085376739501953,7.5895233154296875,0.003599543357267976,0.9955231189496354,0.9637316479125341,0.9952112059472662,0.9629972247918593,0.9724427837459131,0.9676969556123635,2067,80,59,2082
50,12.005532264709473,12.232563972473145,0.047050394117832184,7.589526176452637,0.00168430688790977,0.9965845322821525,0.9635070665040534,0.9963762357826708,0.967816091954023,0.9822678488100793,0.9749884205650764,2075,70,38,2105
