epoch,loss_train,val_loss,task_loss,cont_loss,adv_loss,auroc,val_auroc,auprc,precision,recall,f1,tn,fp,fn,tp
1,12.62818717956543,12.590715408325195,0.4835261106491089,7.595005989074707,0.046995069831609726,0.782140091195461,0.8877553948576675,0.758585519744707,0.6784497444633731,0.7416201117318436,0.7086298932384342,1385,755,555,1593
2,12.447481155395508,12.319684028625488,0.3718697428703308,7.592721939086914,0.0167098306119442,0.9138606665133693,0.9322304444675608,0.9003529560133038,0.8270710728836578,0.8533395609528258,0.84,1765,382,314,1827
3,12.58189868927002,12.313117980957031,0.47648885846138,7.591275215148926,0.01778995431959629,0.9380409821586293,0.9397374273620775,0.9309010052286836,0.8427755819060166,0.8958916900093371,0.8685222901108848,1788,358,223,1919
4,12.34446907043457,12.41163444519043,0.30292755365371704,7.588723182678223,0.009803671389818192,0.9464702663956047,0.9420177562550444,0.9423247086901515,0.8511772545535318,0.8932400932400932,0.8717015468607825,1808,335,229,1916
5,12.384570121765137,12.560400009155273,0.33453449606895447,7.590004920959473,0.00713093439117074,0.9481120839030311,0.9430709407105551,0.9421495645600054,0.8487762237762237,0.9053613053613053,0.8761561019625536,1797,346,203,1942
6,12.250541687011719,12.390318870544434,0.2304810732603073,7.589854717254639,0.008077207952737808,0.9533355740541929,0.9457816199153455,0.9468705008666202,0.8608428446005267,0.9142191142191142,0.8867284648428668,1826,317,184,1961
7,12.426898002624512,12.39256477355957,0.3675439655780792,7.590409278869629,0.006130102556198835,0.9536515167336709,0.9428330583255613,0.9463371586266888,0.8615384615384616,0.9158878504672897,0.8878822197055493,1833,315,180,1960
8,12.437406539916992,12.437058448791504,0.3783546984195709,7.590056419372559,0.003384978510439396,0.9536068232822796,0.9463991706811392,0.94689385962636,0.8599735799207398,0.9117647058823529,0.8851121685927941,1828,318,189,1953
9,12.700957298278809,12.365376472473145,0.5794984698295593,7.59000301361084,0.006225926335901022,0.9610431932947145,0.9467363504948293,0.9570480003970766,0.8701986754966887,0.9201680672268907,0.8944860449285228,1852,294,171,1971
10,12.20705795288086,12.187050819396973,0.20079267024993896,7.589841842651367,0.0034101600758731365,0.9629532700927941,0.9475513688802158,0.9602997431013663,0.8763345195729537,0.919272048530098,0.8972899111819631,1867,278,173,1970
11,12.143014907836914,12.184221267700195,0.1509648710489273,7.589908123016357,0.003789481008425355,0.9652773109609321,0.9515953726123217,0.9606843926105263,0.8772707133362871,0.9239384041063929,0.9,1868,277,163,1980
12,12.368294715881348,12.395913124084473,0.32460877299308777,7.58986759185791,0.004145830404013395,0.9664703316593192,0.9499861899757158,0.9634354282788812,0.8846325167037862,0.9258741258741259,0.9047835990888383,1884,259,159,1986
13,12.223889350891113,12.118622779846191,0.21233345568180084,7.589704990386963,0.005365349352359772,0.9694618027795816,0.9522029678997643,0.9662166287664858,0.8871111111111111,0.9305361305361305,0.9083048919226394,1889,254,149,1996
14,12.195779800415039,12.431778907775879,0.192411869764328,7.589614391326904,0.0033509547356516123,0.9700920131954613,0.9535906449530095,0.9667351904007571,0.89181940098346,0.929636533084809,0.9103353867214237,1900,242,151,1995
15,12.174162864685059,12.1954927444458,0.17510351538658142,7.589674949645996,0.004015251062810421,0.9718032289026205,0.9520020948192681,0.9683330314073236,0.889924545051043,0.9360410830999066,0.9124004550625711,1898,248,137,2005
16,12.306161880493164,12.57691764831543,0.2785201072692871,7.589611530303955,0.0022597392089664936,0.9733164488558925,0.9517433101370256,0.9703082806229933,0.8921438082556591,0.9388136384866884,0.9148839326354119,1904,243,131,2010
17,12.102943420410156,12.157636642456055,0.121525339782238,7.589600563049316,0.0024391396436840296,0.9747092229593396,0.9521240534752836,0.9722263520496208,0.8971046770601336,0.9398040130657956,0.9179580674567,1914,231,129,2014
18,12.35604476928711,12.413531303405762,0.31715503334999084,7.5895867347717285,0.002138647949323058,0.9771746735074627,0.9538314746595022,0.9747342193626138,0.9029255319148937,0.9500932835820896,0.9259090909090909,1925,219,107,2037
19,12.157740592956543,12.298946380615234,0.16346246004104614,7.589544773101807,0.0029551482293754816,0.9768770710347516,0.9529456496786042,0.9739242115008825,0.903485254691689,0.9430970149253731,0.9228662711090826,1928,216,122,2022
20,12.076126098632812,12.570610046386719,0.10017084330320358,7.589511394500732,0.003360989037901163,0.9780250547399403,0.9546529020779603,0.9757351782236735,0.9065004452359751,0.9491841491841492,0.9273514005921203,1933,210,109,2036
21,12.11850357055664,12.361677169799805,0.13442672789096832,7.589578151702881,0.0013943141093477607,0.9785362731610197,0.9538991319319894,0.9755521512478351,0.908030506953791,0.9431500465983225,0.9252571428571429,1937,205,122,2024
22,12.143041610717773,12.348517417907715,0.15319503843784332,7.5895843505859375,0.0015936809359118342,0.9801752765821827,0.9557464667479734,0.976986221404828,0.9128686327077749,0.9524475524475524,0.9322381930184805,1948,195,102,2043
23,12.0193452835083,12.587108612060547,0.05515434965491295,7.5895233154296875,0.0047809407114982605,0.9798302490789658,0.9544909964846833,0.9777428544641527,0.9069870939029817,0.9501165501165502,0.9280510018214936,1934,209,107,2038
24,12.239293098449707,12.494865417480469,0.22704531252384186,7.589550971984863,0.0021799623500555754,0.9788741218761503,0.951001492194674,0.9769452165626347,0.9048042704626335,0.9495798319327731,0.9266514806378132,1932,214,108,2034
25,12.126288414001465,12.31164264678955,0.1384575366973877,7.589537143707275,0.0038467315025627613,0.9808855674983292,0.9551301365932048,0.9789815414912609,0.9136690647482014,0.9477611940298507,0.9304029304029304,1952,192,112,2032
26,11.980633735656738,12.234688758850098,0.027940534055233,7.5895490646362305,0.0015189626719802618,0.9830096796965673,0.9541220232223631,0.9812843969911004,0.919855920756416,0.9533364442370509,0.9362969752520623,1967,178,100,2043
27,12.053956031799316,12.871506690979004,0.08434072136878967,7.589584827423096,0.0017028788570314646,0.9824987773933505,0.9517832866422989,0.9809270462334485,0.9103417665335108,0.9566231343283582,0.9329088014555379,1942,202,93,2051
28,12.235172271728516,12.440447807312012,0.2238594889640808,7.589533805847168,0.002211561193689704,0.9830973506195158,0.9543654494583543,0.9808483166756683,0.9192462987886945,0.9552447552447553,0.9368998628257887,1963,180,96,2049
29,12.031920433044434,12.235429763793945,0.06560631096363068,7.589557647705078,0.0038291250821202993,0.9829424580707827,0.9550936222110625,0.9808204465675714,0.9137777777777778,0.9585081585081585,0.935608646188851,1949,194,89,2056
30,12.116293907165527,12.331440925598145,0.13269004225730896,7.589576244354248,0.001434947713278234,0.9833629630789874,0.9559623220844811,0.9810734930225498,0.9188823794502028,0.9519140989729225,0.9351066269204311,1966,180,103,2039
31,12.159366607666016,12.421974182128906,0.1631944179534912,7.589598655700684,0.004717027302831411,0.9851738276899086,0.9558975977731784,0.9833610766629493,0.9222172552525704,0.9622201492537313,0.9417941109335768,1970,174,81,2063
32,12.049605369567871,12.060686111450195,0.0810878574848175,7.589566230773926,0.001603514770977199,0.9846490941825626,0.9523566970370902,0.982579666694347,0.9238395673726904,0.9570494864612512,0.9401513414354505,1977,169,92,2050
33,12.159256935119629,12.501168251037598,0.16444262862205505,7.589572906494141,0.0031446844805032015,0.9850570024158452,0.9510156645132594,0.9830813323716012,0.925575101488498,0.9575361642557163,0.9412844036697248,1980,165,91,2052
34,12.08103084564209,12.230204582214355,0.10508951544761658,7.589475631713867,0.002043739426881075,0.9877605966526936,0.9550362292847406,0.9868293379846546,0.9265765765765765,0.9616643291257597,0.9437944482679513,1986,163,82,2057
35,12.050596237182617,12.3063325881958,0.08040786534547806,7.589535236358643,0.003394407220184803,0.9870756006658643,0.9534153804213314,0.9854023725570371,0.9335443037974683,0.9640522875816994,0.9485530546623794,1999,147,77,2065
36,12.107926368713379,12.162934303283691,0.1261015385389328,7.589494228363037,0.001712752622552216,0.9880123635553575,0.9528918445821856,0.9869234605984708,0.9323715058611362,0.9645522388059702,0.948188904172398,1994,150,76,2068
37,12.001404762268066,12.338953971862793,0.04376848414540291,7.589517593383789,0.001812331727705896,0.9890082852285373,0.953467850417003,0.9879235390581,0.9331828442437923,0.9645356976201587,0.9486002753556677,1997,148,76,2067
38,12.061579704284668,12.703917503356934,0.09049457311630249,7.589453220367432,0.0015704893739894032,0.988706541951978,0.9533886449724519,0.987936284500595,0.9299909665763324,0.9594594594594594,0.9444954128440367,1987,155,87,2059
39,12.024667739868164,12.720799446105957,0.06261581182479858,7.589482307434082,0.0007866896339692175,0.9903923047939274,0.9551694328563793,0.9893696108357908,0.9375,0.9663865546218487,0.9517241379310345,2008,138,72,2070
40,12.136313438415527,12.59341049194336,0.14788919687271118,7.589534282684326,0.0018025825265794992,0.9887546269254156,0.955469464622007,0.9875315781769973,0.9394353369763205,0.9626691553896407,0.9509103480064531,2012,133,80,2063
41,12.13748550415039,12.501541137695312,0.14736580848693848,7.589456558227539,0.0036441218107938766,0.9905130324250278,0.9512067382195948,0.989496701108545,0.9391462306993642,0.9659037832788416,0.9523370941745337,2013,134,73,2068
42,11.977476119995117,12.28034496307373,0.026008103042840958,7.589500904083252,0.0009793072240427136,0.9894111798918146,0.9509182868211493,0.9881567308299363,0.9360254083484574,0.9617715617715618,0.9487238445619682,2002,141,82,2063
43,12.18239688873291,12.911438941955566,0.1833145022392273,7.589486598968506,0.0020493518095463514,0.9884913966108554,0.9547927958304487,0.9876800741030516,0.9352941176470588,0.9636363636363636,0.9492537313432836,2000,143,78,2067
44,12.271490097045898,12.411615371704102,0.2522576153278351,7.589504718780518,0.0018128292867913842,0.9902372009698187,0.9540251737014094,0.9893565264629092,0.9386642435256701,0.9640690620625292,0.9511970534069981,2010,135,77,2066
45,12.007269859313965,12.759439468383789,0.048588622361421585,7.589413642883301,0.0016114640748128295,0.9912716308423262,0.9539350025109404,0.990594152776661,0.943559399180701,0.9664335664335665,0.9548595117457392,2019,124,72,2073
46,12.120750427246094,12.354788780212402,0.13567373156547546,7.589535236358643,0.002046371577307582,0.9917732769424854,0.9531355929163544,0.9912791310953729,0.9418974126191557,0.9664648346530041,0.9540229885057471,2013,128,72,2075
47,12.060872077941895,12.7252197265625,0.08958971500396729,7.589410305023193,0.0020668087527155876,0.9910730135470038,0.95346918571075,0.9903982417642224,0.9473443223443223,0.965018656716418,0.9560998151571165,2029,115,75,2069
48,12.187981605529785,12.71555233001709,0.18803711235523224,7.589447021484375,0.0016085883835330606,0.9914066179581812,0.9542332208204948,0.9905501597467271,0.9444191343963554,0.9664335664335665,0.9552995391705069,2021,122,72,2073
49,12.000448226928711,13.246292114257812,0.04385405033826828,7.589357376098633,0.0010516461916267872,0.992367843697755,0.9550629914480858,0.9918885259319832,0.946290395994538,0.9701353243117126,0.9580645161290322,2027,118,64,2079
50,12.00846004486084,12.395391464233398,0.04941197484731674,7.589456558227539,0.00166330358479172,0.9923728489084429,0.9520881832823379,0.9915319379574574,0.9486002753556677,0.9640858208955224,0.9562803608605135,2032,112,77,2067
