epoch,loss_train,task_loss,cont_loss,adv_loss,auroc,auprc,precision,recall,f1,tn,fp,fn,tp
1,3.914720,0.416115,6.926225,0.475268,0.776536,0.752845,0.690432,0.699115,0.694747,1468,673,646,1501
2,3.712715,0.405237,6.929164,0.143397,0.875896,0.864706,0.792166,0.801772,0.796940,1693,451,425,1719
3,3.637030,0.338948,6.919916,0.069155,0.914572,0.910331,0.835604,0.829757,0.832670,1794,350,365,1779
4,3.606974,0.282958,6.925239,0.051952,0.930416,0.926997,0.848712,0.845938,0.847323,1823,323,330,1812
5,3.616876,0.400370,6.880876,0.027150,0.939106,0.937382,0.861667,0.862069,0.861868,1845,297,296,1850
6,3.620951,0.338916,6.934129,0.030534,0.944352,0.944580,0.864903,0.868127,0.866512,1851,291,283,1863
7,3.578726,0.311168,6.883622,0.020745,0.947952,0.947580,0.869828,0.871855,0.870840,1862,280,275,1871
8,3.580995,0.291622,6.902713,0.021649,0.945840,0.945659,0.866821,0.872082,0.869444,1859,287,274,1868
9,3.560287,0.235238,6.912343,0.016700,0.950112,0.949706,0.874825,0.872787,0.873805,1874,268,273,1873
10,3.569040,0.250076,6.914793,0.019356,0.952036,0.951018,0.875408,0.875000,0.875204,1877,267,268,1876
11,3.552086,0.244744,6.883695,0.020568,0.952678,0.952848,0.873553,0.879664,0.876598,1871,273,258,1886
12,3.531518,0.191530,6.892415,0.014498,0.956380,0.956040,0.881499,0.877799,0.879645,1891,253,262,1882
13,3.548714,0.277630,6.857328,0.014996,0.956401,0.956532,0.878774,0.882051,0.880409,1882,261,253,1892
14,3.536325,0.269296,6.847371,0.008202,0.956305,0.956752,0.879870,0.885621,0.882736,1887,259,245,1897
15,3.585236,0.311445,6.911324,0.008327,0.959233,0.959693,0.877711,0.887127,0.882394,1879,265,242,1902
16,3.517536,0.193926,6.868362,0.009641,0.959384,0.959183,0.878479,0.883396,0.880930,1882,262,250,1894
17,3.538728,0.263169,6.859554,0.006138,0.960282,0.959301,0.877747,0.894123,0.885860,1877,267,227,1917
18,3.515984,0.223364,6.846015,0.006052,0.959308,0.958382,0.876668,0.889356,0.882966,1878,268,237,1905
19,3.525413,0.213435,6.868869,0.009340,0.961265,0.960893,0.884186,0.886660,0.885422,1895,249,243,1901
20,3.512481,0.234711,6.828066,0.007606,0.960616,0.960079,0.878093,0.893240,0.885602,1877,266,229,1916
21,3.551950,0.331159,6.829492,0.007901,0.962545,0.961973,0.877440,0.902428,0.889758,1876,270,209,1933
22,3.470043,0.230868,6.742077,0.011095,0.963991,0.963460,0.889908,0.904007,0.896902,1902,240,206,1940
23,3.514159,0.194509,6.862188,0.008769,0.964268,0.963248,0.889554,0.901166,0.895322,1903,240,212,1933
24,3.436788,0.161794,6.736115,0.006687,0.969496,0.968378,0.901200,0.910873,0.906011,1931,214,191,1952
25,3.422995,0.118128,6.744676,0.005677,0.968501,0.968355,0.893053,0.911381,0.902124,1910,234,190,1954
26,3.490370,0.270291,6.759114,0.004494,0.970439,0.970050,0.896742,0.912232,0.904420,1921,225,188,1954
27,3.525385,0.292281,6.804765,0.010150,0.969598,0.968507,0.902643,0.909388,0.906003,1937,210,194,1947
28,3.471902,0.256248,6.730504,0.006918,0.972805,0.972102,0.905025,0.914725,0.909849,1936,206,183,1963
29,3.441169,0.249409,6.677522,0.004407,0.969973,0.968711,0.898477,0.908539,0.903480,1925,220,196,1947
30,3.444062,0.156653,6.758386,0.003679,0.973100,0.972133,0.904059,0.915033,0.909513,1938,208,182,1960
31,3.481152,0.316989,6.703017,0.004746,0.974144,0.973055,0.902695,0.921212,0.911860,1930,213,169,1976
32,3.502323,0.251512,6.798096,0.004451,0.974032,0.973321,0.912338,0.916589,0.914458,1953,189,179,1967
33,3.444097,0.217421,6.710122,0.003447,0.972718,0.971659,0.910490,0.911765,0.911127,1954,192,189,1953
34,3.497361,0.169577,6.850766,0.006913,0.975734,0.975292,0.910310,0.919234,0.914750,1952,194,173,1969
35,3.404515,0.281430,6.578143,0.004785,0.977967,0.977208,0.916013,0.925408,0.920686,1961,182,160,1985
36,3.421352,0.169075,6.700069,0.006146,0.977191,0.976282,0.917435,0.926409,0.921900,1962,179,158,1989
37,3.413037,0.116965,6.724762,0.006450,0.977501,0.976928,0.912289,0.931002,0.921551,1951,192,148,1997
38,3.490163,0.276868,6.752113,0.005599,0.979341,0.978788,0.926525,0.934296,0.930394,1983,159,141,2005
39,3.457543,0.186786,6.761835,0.003185,0.978684,0.978016,0.913103,0.934793,0.923820,1950,191,140,2007
40,3.452117,0.133917,6.789385,0.006429,0.978974,0.978175,0.923938,0.923077,0.923507,1980,163,165,1980
41,3.436454,0.147797,6.750189,0.003735,0.981929,0.981211,0.922227,0.934266,0.928208,1974,169,141,2004
42,3.468183,0.193942,6.774700,0.005426,0.981418,0.980480,0.921767,0.934671,0.928174,1975,170,140,2003
43,3.480603,0.172600,6.817687,0.004533,0.980621,0.979719,0.917393,0.932369,0.924821,1964,180,145,1999
44,3.476562,0.153312,6.826245,0.003524,0.981557,0.980341,0.922513,0.938433,0.930405,1975,169,132,2012
45,3.565143,0.276921,6.905046,0.003086,0.979513,0.978443,0.918807,0.933364,0.926029,1965,177,143,2003
46,3.550225,0.264880,6.885441,0.002587,0.981998,0.980612,0.925566,0.932898,0.929218,1981,161,144,2002
47,3.394995,0.150797,6.663853,0.004584,0.981524,0.980351,0.926953,0.935604,0.931259,1987,158,138,2005
48,3.452311,0.119069,6.806386,0.002484,0.982036,0.980725,0.925126,0.939804,0.932407,1982,163,129,2014
49,3.428152,0.188010,6.703402,0.002078,0.982803,0.981942,0.927849,0.941259,0.934506,1986,157,126,2019
50,3.353005,0.104369,6.618808,0.003089,0.983998,0.982746,0.929363,0.939337,0.934324,1992,153,130,2013