epoch,loss_train,task_loss,cont_loss,adv_loss,auroc,auprc,precision,recall,f1,tn,fp,fn,tp
1,3.941210,0.438224,6.923553,0.506906,0.787814,0.779200,0.702234,0.718619,0.710332,1492,653,603,1540
2,3.693939,0.328626,6.930376,0.162169,0.917250,0.912466,0.837863,0.847623,0.842715,1790,352,327,1819
3,3.621559,0.293425,6.920833,0.072955,0.928139,0.925631,0.842956,0.851213,0.847064,1804,340,319,1825
4,3.574911,0.239521,6.913105,0.037584,0.934741,0.932906,0.857476,0.858275,0.857875,1837,306,304,1841
5,3.615120,0.361107,6.905994,0.029467,0.940368,0.937692,0.865546,0.864739,0.865142,1856,288,290,1854
6,3.646636,0.420086,6.921594,0.029673,0.945233,0.943616,0.867933,0.873601,0.870758,1859,285,271,1873
7,3.613713,0.354119,6.923086,0.017536,0.943890,0.942294,0.868470,0.869687,0.869078,1865,282,279,1862
8,3.609018,0.352304,6.905097,0.025913,0.947214,0.944993,0.870353,0.874008,0.872177,1866,279,270,1873
9,3.649949,0.454387,6.915067,0.017767,0.947593,0.945684,0.870878,0.874126,0.872499,1865,278,270,1875
10,3.555163,0.246225,6.892132,0.017678,0.949596,0.947433,0.868966,0.881119,0.875000,1858,285,255,1890
11,3.576622,0.259356,6.927824,0.014945,0.952890,0.950306,0.873737,0.887179,0.880407,1868,275,242,1903
12,3.564632,0.266294,6.889511,0.022265,0.951675,0.950145,0.869765,0.881119,0.875405,1860,283,255,1890
13,3.589529,0.310351,6.892553,0.031853,0.955169,0.953607,0.881230,0.882874,0.882051,1890,255,251,1892
14,3.580464,0.297937,6.910093,0.010405,0.956779,0.955204,0.887037,0.893657,0.890335,1900,244,228,1916
15,3.571383,0.254864,6.924650,0.011855,0.957485,0.955989,0.878650,0.899160,0.888786,1880,266,216,1926
16,3.592624,0.295875,6.938396,0.008460,0.958922,0.957723,0.881860,0.885154,0.883504,1892,254,246,1896
17,3.571712,0.256303,6.927055,0.009439,0.959074,0.958010,0.882979,0.889977,0.886464,1890,253,236,1909
18,3.598762,0.361957,6.895378,0.010484,0.958363,0.957085,0.881238,0.889044,0.885124,1886,257,238,1907
19,3.533164,0.184109,6.908720,0.008601,0.960822,0.960654,0.878372,0.894737,0.886479,1875,266,226,1921
20,3.552624,0.255786,6.894914,0.004754,0.960279,0.958788,0.878539,0.896970,0.887659,1877,266,221,1924
21,3.552939,0.250905,6.896403,0.007292,0.963163,0.961856,0.881810,0.891274,0.886517,1889,256,233,1910
22,3.577639,0.298885,6.910957,0.004343,0.961220,0.959272,0.883646,0.899720,0.891611,1890,254,215,1929
23,3.554219,0.228887,6.916960,0.006974,0.962234,0.961889,0.880604,0.896600,0.888530,1880,261,222,1925
24,3.523920,0.169026,6.906884,0.004780,0.962941,0.961627,0.881951,0.902940,0.892322,1886,259,208,1935
25,3.525246,0.166116,6.913579,0.003350,0.963087,0.961651,0.887156,0.902052,0.894542,1898,246,210,1934
26,3.566164,0.257304,6.920263,0.005185,0.962584,0.961239,0.888122,0.899720,0.893883,1901,243,215,1929
27,3.537253,0.193744,6.914317,0.004328,0.965586,0.963704,0.888330,0.905740,0.896950,1901,244,202,1941
28,3.583968,0.288369,6.927146,0.008413,0.965991,0.963814,0.886767,0.909515,0.897997,1895,249,194,1950
29,3.556842,0.228401,6.927396,0.002972,0.965441,0.964307,0.890120,0.900093,0.895079,1908,238,214,1928
30,3.599991,0.347037,6.915885,0.005389,0.967435,0.966208,0.893510,0.911847,0.902585,1911,233,189,1955
31,3.549101,0.215770,6.916363,0.007687,0.967082,0.964925,0.888484,0.910448,0.899332,1899,245,192,1952
32,3.533811,0.178911,6.920984,0.002923,0.968755,0.966866,0.886076,0.914606,0.900115,1893,252,183,1960
33,3.539670,0.223032,6.897443,0.002892,0.968795,0.967070,0.894954,0.910406,0.902614,1916,229,192,1951
34,3.548772,0.224983,6.913392,0.003472,0.972003,0.970739,0.902169,0.911422,0.906772,1931,212,190,1955
35,3.534285,0.169724,6.929003,0.003157,0.971395,0.969885,0.902917,0.923974,0.913324,1931,213,163,1981
36,3.520218,0.203163,6.873027,0.004065,0.971036,0.968839,0.894309,0.922647,0.908257,1908,234,166,1980
37,3.522893,0.192433,6.884098,0.006452,0.972977,0.971552,0.902948,0.928638,0.915613,1930,214,153,1991
38,3.576365,0.299561,6.907768,0.004427,0.971774,0.969966,0.900502,0.920243,0.910265,1926,218,171,1973
39,3.505758,0.175061,6.861107,0.008633,0.973231,0.970304,0.904308,0.929604,0.916782,1932,211,151,1994
40,3.534507,0.197432,6.907340,0.003107,0.973742,0.972106,0.906150,0.927705,0.916801,1938,206,155,1989
41,3.525008,0.172914,6.907394,0.003575,0.974551,0.972449,0.909008,0.926807,0.917821,1944,199,157,1988
42,3.501205,0.153609,6.876031,0.002911,0.974836,0.973383,0.909799,0.926340,0.917995,1946,197,158,1987
43,3.528417,0.218813,6.875944,0.004866,0.974674,0.972722,0.910210,0.931437,0.920701,1947,197,147,1997
44,3.501091,0.170987,6.861085,0.003589,0.974966,0.973151,0.905430,0.933302,0.919155,1935,209,143,2001
45,3.503960,0.189789,6.852302,0.003157,0.975883,0.973388,0.909751,0.936071,0.922723,1946,199,137,2006
46,3.508319,0.140968,6.899771,0.003410,0.975551,0.973809,0.913303,0.928205,0.920694,1954,189,154,1991
47,3.508988,0.116381,6.917855,0.005847,0.977266,0.975116,0.913261,0.938842,0.925875,1955,191,131,2011
48,3.582124,0.322323,6.903315,0.002563,0.976762,0.974838,0.910285,0.937034,0.923466,1946,198,135,2009
49,3.503442,0.149404,6.882617,0.003953,0.978858,0.976422,0.913949,0.940793,0.927177,1953,190,127,2018
50,3.508078,0.175167,6.873719,0.001918,0.978763,0.977489,0.916400,0.936508,0.926345,1963,183,136,2006